row_id,image_id,bbox_x,bbox_y,bbox_width,bbox_height,category_id,score
0,0,271.29547119140625,124.3218994140625,136.10888671875,194.33822631835938,1,0.9539924263954163
1,1001,180.57107543945312,137.3026123046875,224.9080810546875,301.4072265625,20,0.9390739798545837
2,1005,275.1943359375,164.6356201171875,156.1005859375,226.37518310546875,11,0.9406358003616333
3,1005,99.01229858398438,388.60723876953125,300.16290283203125,251.39276123046875,1,0.37733763456344604
4,101,280.4857177734375,216.94012451171875,173.17486572265625,219.6490478515625,3,0.9658180475234985
5,1012,185.23533630371094,148.91970825195312,152.60365295410156,305.4822998046875,21,0.8926456570625305
6,1013,254.51583862304688,252.5449981689453,104.5465087890625,139.52879333496094,7,0.9293742179870605
7,1025,155.23651123046875,42.74268341064453,146.33773803710938,211.69188690185547,17,0.9517373442649841
8,1025,186.41098022460938,266.0829162597656,83.09140014648438,121.04864501953125,5,0.7901513576507568
9,1026,160.03207397460938,143.7738037109375,196.86627197265625,207.94708251953125,20,0.9479407072067261
10,1028,204.2862548828125,121.64459228515625,275.42333984375,356.7587890625,13,0.9374430775642395
11,1033,259.53814697265625,206.42495727539062,187.177978515625,267.56964111328125,2,0.9321122169494629
12,1034,198.40863037109375,146.69039916992188,223.98175048828125,202.32229614257812,4,0.8898783326148987
13,1040,154.63540649414062,190.6611328125,178.60568237304688,250.46966552734375,9,0.9526876211166382
14,1041,163.74832153320312,113.71856689453125,262.23211669921875,331.9072265625,4,0.947696328163147
15,1043,144.43963623046875,102.40518188476562,363.312255859375,330.2989501953125,20,0.9590905904769897
16,1045,210.40106201171875,115.24600219726562,165.59735107421875,211.03952026367188,2,0.9708840250968933
17,1046,236.09324645996094,179.25616455078125,266.84120178222656,286.232421875,5,0.980635941028595
18,1046,0.0186004638671875,0.0,179.0318145751953,345.03082275390625,17,0.7599092125892639
19,1047,79.65966796875,84.33602905273438,324.4952392578125,396.96514892578125,2,0.9687501192092896
20,1049,199.43638610839844,133.35348510742188,225.36720275878906,303.47943115234375,12,0.9516438245773315
21,1051,143.82138061523438,93.73431396484375,130.02337646484375,166.09823608398438,14,0.9552217125892639
22,1051,395.0762939453125,358.86541748046875,85.333984375,135.7822265625,14,0.9448175430297852
23,1052,313.94171142578125,301.8892822265625,168.4527587890625,168.42083740234375,3,0.9618528485298157
24,1057,173.22088623046875,125.60198974609375,278.41497802734375,340.908447265625,20,0.9696365594863892
25,1059,205.33502197265625,152.5353240966797,223.1734619140625,216.72291564941406,18,0.9185361862182617
26,1060,235.93170166015625,215.97264099121094,70.58740234375,249.95045471191406,21,0.8551605939865112
27,1061,175.250244140625,73.38484191894531,356.68646240234375,456.59410095214844,17,0.9735732674598694
28,1061,252.85357666015625,552.2939453125,203.780029296875,87.7060546875,5,0.6722592115402222
29,1063,167.4453125,103.86233520507812,235.93328857421875,267.310791015625,18,0.9398545622825623
30,1064,189.01905822753906,176.25125122070312,159.39683532714844,221.630126953125,3,0.9641591906547546
31,1069,189.62339782714844,18.77154541015625,144.76222229003906,621.2284545898438,21,0.9320837259292603
32,1074,181.60121154785156,131.07516479492188,165.93675231933594,192.697021484375,4,0.9113382697105408
33,1076,228.2611083984375,158.65708923339844,198.793212890625,282.66993713378906,7,0.9311729073524475
34,1078,170.95896911621094,137.31492614746094,251.24269104003906,298.20838928222656,7,0.9421312212944031
35,1079,153.789306640625,111.71772003173828,17.96002197265625,60.26525115966797,15,0.8472833037376404
36,1079,305.2622375488281,241.6341552734375,9.86474609375,37.69671630859375,15,0.7083483338356018
37,1080,287.6540832519531,100.1611328125,21.0205078125,97.81878662109375,15,0.8506928086280823
38,1088,239.49935913085938,237.3168487548828,185.4930419921875,90.75828552246094,15,0.3949532210826874
39,1089,207.71316528320312,165.1632080078125,220.74420166015625,228.31744384765625,5,0.9539146423339844
40,1091,289.92462158203125,210.54331970214844,198.50390625,250.82276916503906,5,0.9664708971977234
41,1096,119.17657470703125,121.23728942871094,264.401611328125,293.6450958251953,5,0.981868326663971
42,1097,231.12750244140625,130.72222900390625,129.03033447265625,413.09503173828125,21,0.9455265998840332
43,1099,181.23426818847656,141.18182373046875,217.14622497558594,235.07427978515625,17,0.9341588020324707
44,11,475.00347900390625,155.50970458984375,51.8914794921875,151.9393310546875,15,0.8466703295707703
45,1102,156.66400146484375,92.16778564453125,166.4896240234375,230.34170532226562,6,0.9435127973556519
46,1118,294.61151123046875,93.01469421386719,189.01220703125,97.86468505859375,15,0.7558521628379822
47,1122,256.64599609375,159.18243408203125,158.92352294921875,224.0040283203125,9,0.951120913028717
48,1123,253.83609008789062,161.498291015625,254.87860107421875,304.54486083984375,20,0.9391316771507263
49,1126,234.857666015625,139.40939331054688,156.15130615234375,240.55078125,7,0.9597508311271667
50,113,235.5419464111328,165.99783325195312,216.81675720214844,260.6314697265625,5,0.9558203220367432
51,1130,134.42880249023438,58.49163818359375,307.75640869140625,456.31781005859375,18,0.9559237957000732
52,1132,224.2475128173828,91.92523193359375,298.90586853027344,361.572998046875,17,0.9433958530426025
53,1137,275.9921875,116.80345916748047,110.99224853515625,223.42230987548828,11,0.9232915639877319
54,1139,160.093017578125,128.25823974609375,229.55426025390625,326.41009521484375,7,0.9628450274467468
55,1139,9.241783142089844,592.7977905273438,237.99481964111328,47.20220947265625,9,0.38817811012268066
56,1139,7.2076568603515625,592.3798828125,242.2657470703125,47.570068359375,7,0.31628140807151794
57,1143,249.47975158691406,205.65875244140625,137.67430114746094,180.94244384765625,2,0.953453540802002
58,1147,205.11854553222656,109.16937255859375,139.07847595214844,258.22210693359375,10,0.9531791806221008
59,1151,180.06832885742188,130.2821807861328,302.8865966796875,330.70896911621094,13,0.9318113327026367
60,1152,488.23223876953125,124.8343505859375,34.0859375,105.17770385742188,15,0.8311642408370972
61,1152,22.82218360900879,116.30729675292969,36.91126823425293,107.08880615234375,15,0.7269201874732971
62,1161,173.97332763671875,82.75764465332031,367.56298828125,396.90232849121094,17,0.9756832122802734
63,1162,205.03729248046875,105.72256469726562,240.0328369140625,336.14837646484375,10,0.9759610891342163
64,1163,139.30865478515625,138.1138916015625,339.14410400390625,433.23406982421875,4,0.9431566596031189
65,1164,124.04559326171875,149.48638916015625,292.18585205078125,359.05877685546875,20,0.9636738896369934
66,1164,0.01317596435546875,0.196624755859375,65.92654418945312,151.474365234375,11,0.3446319103240967
67,1166,181.04177856445312,97.354736328125,167.07275390625,205.49267578125,6,0.9339634776115417
68,1169,278.715576171875,60.50849914550781,121.37939453125,414.72862243652344,12,0.6881248950958252
69,1170,215.7628936767578,108.97494506835938,260.22093200683594,296.42449951171875,5,0.9831631779670715
70,1170,111.7762451171875,231.4932861328125,111.14776611328125,274.3101806640625,15,0.7414042353630066
71,1172,123.22866821289062,190.20521545410156,244.08782958984375,237.91770935058594,3,0.9554277658462524
72,1178,128.06185913085938,266.537841796875,19.27496337890625,83.9940185546875,15,0.6430283188819885
73,1178,527.30224609375,264.6947021484375,16.08984375,76.76171875,15,0.6085381507873535
74,1180,217.411865234375,208.8919219970703,185.87451171875,203.03684997558594,4,0.8851445913314819
75,1182,237.0546112060547,115.17645263671875,159.72230529785156,209.2099609375,7,0.9628071188926697
76,1186,215.5365753173828,184.3961944580078,196.95970153808594,180.26768493652344,2,0.944021999835968
77,1186,0.19547271728515625,213.80078125,123.91220092773438,152.609130859375,7,0.5192180275917053
78,119,192.8850555419922,140.21893310546875,202.79090881347656,220.44183349609375,9,0.949320912361145
79,1192,240.14642333984375,80.58059692382812,226.51824951171875,307.7101135253906,18,0.939378559589386
80,1195,213.47268676757812,373.15081787109375,72.49508666992188,177.77264404296875,21,0.8606640100479126
81,1198,205.63043212890625,134.16476440429688,229.00775146484375,256.4669189453125,9,0.9234523773193359
82,1198,435.32373046875,0.07912445068359375,63.3797607421875,101.26884460449219,15,0.3752882778644562
83,1199,271.2935791015625,189.99732971191406,148.45623779296875,243.14903259277344,19,0.9324876666069031
84,1204,289.8770751953125,166.49118041992188,228.256591796875,234.27557373046875,3,0.9567927718162537
85,1206,191.44691467285156,130.9793701171875,246.94248962402344,274.8497314453125,7,0.9545470476150513
86,1208,78.04798889160156,84.3101806640625,450.64256286621094,529.141357421875,10,0.9468757510185242
87,1213,179.807861328125,113.782958984375,203.38018798828125,308.7301025390625,2,0.9549850821495056
88,1214,258.3681640625,156.75262451171875,189.874267578125,272.90228271484375,19,0.9338732361793518
89,1215,230.94540405273438,172.23382568359375,273.2515869140625,280.6724853515625,4,0.94651198387146
90,1218,226.8979949951172,156.20046997070312,178.10597229003906,256.964111328125,7,0.9712481498718262
91,1219,215.58474731445312,1.536468505859375,161.020751953125,414.7881164550781,21,0.932629406452179
92,1219,0.01239013671875,117.68118286132812,94.9508056640625,340.34820556640625,11,0.6082675457000732
93,1222,182.5097198486328,99.70361328125,253.74217224121094,281.60760498046875,18,0.9197065234184265
94,1225,158.78086853027344,82.42855834960938,264.72474670410156,305.6679382324219,5,0.9809712767601013
95,1227,137.13067626953125,322.54376220703125,141.900390625,189.2974853515625,4,0.920454204082489
96,1227,420.180419921875,115.1802978515625,141.373291015625,182.53338623046875,4,0.9177653193473816
97,1231,124.17784881591797,0.0,91.40515899658203,503.23541259765625,15,0.3781603276729584
98,1233,212.45147705078125,133.2825469970703,163.89410400390625,272.53392028808594,19,0.8736727237701416
99,1236,130.9444122314453,143.14508056640625,294.01927185058594,281.59722900390625,17,0.9529832005500793
100,124,213.63026428222656,194.4202117919922,210.40122985839844,265.13490295410156,9,0.9400362372398376
101,1241,273.26287841796875,163.85821533203125,263.89141845703125,327.1845703125,17,0.9482462406158447
102,1242,213.39187622070312,136.44073486328125,157.35992431640625,256.7279052734375,1,0.9698960781097412
103,1248,153.11965942382812,243.559814453125,172.56475830078125,187.6749267578125,7,0.9615957140922546
104,1249,181.0538330078125,171.6846160888672,183.51318359375,287.82728576660156,17,0.9516152143478394
105,125,223.29627990722656,80.06573486328125,253.34361267089844,407.811767578125,12,0.8702059388160706
106,1250,207.3472900390625,124.348388671875,256.33349609375,363.0899658203125,13,0.9349632263183594
107,1252,140.1886444091797,97.77804565429688,234.69166564941406,226.28732299804688,5,0.9603248834609985
108,1262,199.02203369140625,108.29078674316406,22.121429443359375,68.03622436523438,15,0.836988627910614
109,1262,396.85693359375,175.7550048828125,53.501220703125,91.05084228515625,6,0.570915937423706
110,1262,396.85064697265625,175.9053955078125,53.340087890625,90.69219970703125,5,0.4957910478115082
111,1263,217.4510040283203,191.48927307128906,196.81883239746094,236.79722595214844,5,0.9691566228866577
112,1264,233.5892333984375,153.5467529296875,195.766845703125,298.67791748046875,1,0.9746418595314026
113,127,183.75152587890625,119.56634521484375,260.9478759765625,334.91741943359375,20,0.9629437327384949
114,1270,283.69732666015625,153.500732421875,196.2486572265625,306.381591796875,3,0.9450260400772095
115,1273,222.23703002929688,169.03192138671875,179.9403076171875,237.45751953125,2,0.973805844783783
116,1277,112.00308227539062,0.0,59.101898193359375,25.13827133178711,15,0.6902759075164795
117,1277,206.65643310546875,0.0,230.60601806640625,517.766357421875,8,0.640703022480011
118,1277,205.699951171875,0.0,162.10980224609375,517.4065551757812,8,0.3969780504703522
119,1283,291.5543212890625,100.53497314453125,103.44830322265625,391.91180419921875,12,0.810614824295044
120,1284,534.993408203125,176.14862060546875,60.20849609375,177.22857666015625,8,0.9302676916122437
121,1284,268.1998291015625,167.3687744140625,58.64080810546875,172.9505615234375,8,0.9174932837486267
122,1284,0.0,150.01034545898438,50.304969787597656,179.3662109375,8,0.8914509415626526
123,1286,294.69384765625,171.30711364746094,181.680908203125,220.70143127441406,13,0.9501089453697205
124,1291,195.774658203125,135.85922241210938,197.9163818359375,276.5064697265625,18,0.9404877424240112
125,1292,564.4612426757812,140.19992065429688,63.7001953125,189.41268920898438,8,0.935252845287323
126,1292,276.25469970703125,124.66571044921875,67.69970703125,192.90185546875,8,0.93140709400177
127,1292,0.0,112.8067398071289,48.97624969482422,193.31676483154297,8,0.9039338231086731
128,1294,264.0828857421875,129.82086181640625,189.51165771484375,392.18682861328125,4,0.9533358216285706
129,1296,278.42401123046875,113.34149169921875,124.4970703125,259.30169677734375,21,0.588126540184021
130,1299,0.604522705078125,188.8724365234375,215.28082275390625,379.9385986328125,21,0.8571845889091492
131,1299,356.94708251953125,170.28472900390625,280.22509765625,468.25897216796875,4,0.732872724533081
132,1301,136.5377197265625,80.03646850585938,222.10150146484375,254.39132690429688,5,0.9594135284423828
133,1302,120.8753662109375,64.95648193359375,275.7330322265625,401.63690185546875,12,0.8746586441993713
134,1306,204.61692810058594,137.26400756835938,139.22853088378906,193.00469970703125,7,0.9431171417236328
135,1307,344.0084533691406,186.84629821777344,68.36920166015625,217.58375549316406,15,0.8768536448478699
136,1308,164.54660034179688,136.7150115966797,261.3756103515625,322.16835021972656,4,0.9352683424949646
137,1311,244.96446228027344,93.6495361328125,214.06654357910156,302.4443359375,1,0.9035325646400452
138,1316,129.9390869140625,0.10919189453125,265.256103515625,531.6744995117188,3,0.8643737435340881
139,1316,1.550018310546875,0.0,395.4564514160156,532.6187744140625,3,0.6240512728691101
140,1317,177.13047790527344,203.50827026367188,56.508392333984375,165.4794921875,8,0.9199538826942444
141,1324,202.13937377929688,201.4168243408203,214.52703857421875,223.90379333496094,16,0.9433673024177551
142,1325,229.56236267089844,244.5289306640625,120.61659240722656,314.02947998046875,21,0.7188960909843445
143,1325,243.7239990234375,141.55267333984375,107.6258544921875,420.19342041015625,21,0.5181140303611755
144,1328,136.85147094726562,171.8363037109375,221.244140625,278.29095458984375,7,0.9641927480697632
145,1329,189.7959747314453,78.71298217773438,187.69517517089844,268.76007080078125,5,0.9731873273849487
146,133,248.4136962890625,157.07986450195312,196.3018798828125,267.99615478515625,12,0.9353627562522888
147,1333,184.97691345214844,82.32257080078125,260.42335510253906,446.55706787109375,8,0.9047413468360901
148,1334,246.21072387695312,141.5875244140625,214.5135498046875,317.25506591796875,1,0.9391517639160156
149,1337,256.208251953125,219.09219360351562,172.083251953125,199.70623779296875,9,0.9445122480392456
150,1339,191.8936767578125,126.49703979492188,198.14263916015625,216.51791381835938,9,0.9427547454833984
151,1342,201.04635620117188,191.25494384765625,194.34027099609375,209.72564697265625,10,0.9590305685997009
152,1343,224.12107849121094,164.07244873046875,212.27967834472656,256.980712890625,17,0.9212083220481873
153,1344,323.70172119140625,197.60345458984375,71.760009765625,237.180908203125,21,0.8874905109405518
154,1344,505.00823974609375,457.389404296875,51.620361328125,176.6348876953125,12,0.8220158815383911
155,1346,218.04603576660156,162.21469116210938,267.89646911621094,325.87384033203125,18,0.9291816353797913
156,1348,148.60394287109375,56.454925537109375,317.35614013671875,362.79229736328125,13,0.9402999877929688
157,1350,231.9114532470703,162.73593139648438,180.06578063964844,228.736083984375,4,0.871767520904541
158,1357,201.883056640625,139.51002502441406,250.4881591796875,304.40708923339844,9,0.8370423913002014
159,1358,280.8123779296875,244.309326171875,49.626220703125,34.59259033203125,10,0.40668758749961853
160,1361,281.75384521484375,315.99090576171875,184.0235595703125,200.86724853515625,9,0.9334660768508911
161,1368,233.9378662109375,74.67062377929688,250.67047119140625,357.81719970703125,10,0.9813680052757263
162,1373,1.622161865234375,121.1234130859375,65.86457824707031,187.5911865234375,8,0.9299293160438538
163,1373,294.4761047363281,134.22967529296875,62.52703857421875,188.43728637695312,8,0.928966224193573
164,1373,576.802734375,147.1175537109375,62.9439697265625,187.83660888671875,8,0.9214755892753601
165,1374,167.10641479492188,121.73440551757812,251.22039794921875,275.2216796875,20,0.9374649524688721
166,1376,244.6132049560547,173.56719970703125,147.74220275878906,129.6600341796875,10,0.9498334527015686
167,1377,191.9447021484375,293.5610046386719,220.94244384765625,108.5635986328125,15,0.8536315560340881
168,1378,321.626953125,0.4344482421875,225.031005859375,240.92080688476562,2,0.9254248738288879
169,1380,308.7168273925781,156.92184448242188,68.58428955078125,167.87567138671875,15,0.7996691465377808
170,1380,308.58154296875,157.227294921875,67.55645751953125,168.34478759765625,21,0.3508847653865814
171,1384,268.54400634765625,173.85052490234375,100.654541015625,303.5614013671875,8,0.9199914336204529
172,1388,275.4427490234375,90.124267578125,219.4891357421875,242.81463623046875,16,0.9693305492401123
173,139,185.2689208984375,33.74688720703125,307.0908203125,392.24029541015625,4,0.8925518989562988
174,139,181.956298828125,32.09625244140625,310.2137451171875,393.5802001953125,10,0.782311201095581
175,1390,333.842041015625,107.1728515625,180.037109375,221.33279418945312,16,0.9699292778968811
176,1395,196.748291015625,135.69876098632812,213.945068359375,236.78118896484375,4,0.884473443031311
177,1397,200.34869384765625,115.51998901367188,284.908203125,272.8231506347656,20,0.9646534323692322
178,140,162.1328125,117.56802368164062,250.67633056640625,258.9753112792969,16,0.9664157032966614
179,1407,258.0897216796875,194.4465789794922,115.511474609375,136.38185119628906,13,0.9276007413864136
180,1409,270.5281982421875,257.98736572265625,273.8970947265625,239.41339111328125,9,0.8791775703430176
181,141,197.13072204589844,206.39422607421875,186.64332580566406,234.3634033203125,18,0.9504154324531555
182,1412,198.70474243164062,128.240478515625,237.3779296875,280.7606201171875,4,0.9231764674186707
183,1413,213.14208984375,198.4639892578125,117.05450439453125,240.5384521484375,14,0.31411194801330566
184,1415,141.1515655517578,100.95135498046875,274.67247009277344,478.86090087890625,8,0.9262022376060486
185,1416,232.48074340820312,136.971435546875,157.837158203125,319.91033935546875,17,0.9103463888168335
186,1416,0.057220458984375,14.705078125,180.88063049316406,370.15069580078125,14,0.3484747111797333
187,1418,313.418701171875,163.261474609375,125.2066650390625,156.80349731445312,7,0.9216071963310242
188,1420,215.20657348632812,189.43695068359375,234.4398193359375,239.954833984375,20,0.9211239814758301
189,1423,196.72274780273438,200.51036071777344,146.63433837890625,265.48243713378906,14,0.9718248844146729
190,1428,249.23797607421875,100.80409240722656,226.20660400390625,364.43711853027344,6,0.9125337600708008
191,1429,177.85015869140625,140.09913635253906,246.256103515625,300.40525817871094,13,0.9003462791442871
192,143,252.6783447265625,113.80850219726562,322.0828857421875,250.8148193359375,18,0.9196069836616516
193,1435,72.56707763671875,487.2677917480469,116.79302978515625,152.51687622070312,16,0.9578259587287903
194,1435,282.815673828125,43.72314453125,173.90283203125,481.95037841796875,21,0.9039005041122437
195,1435,102.16183471679688,37.203857421875,353.33245849609375,489.23095703125,21,0.5697161555290222
196,1436,192.67112731933594,85.01873779296875,250.75038146972656,420.79095458984375,8,0.9301728010177612
197,1437,208.335205078125,152.27806091308594,159.20733642578125,249.75685119628906,5,0.9690993428230286
198,1442,343.78692626953125,149.1099853515625,169.36334228515625,167.0252685546875,2,0.9465528726577759
199,1442,0.0,291.02569580078125,41.57944107055664,300.4508056640625,16,0.25695177912712097
200,1449,121.84481811523438,193.15745544433594,247.83578491210938,268.38807678222656,4,0.9069086909294128
201,145,287.93115234375,155.55636596679688,117.54718017578125,187.71142578125,7,0.9567060470581055
202,1451,395.26422119140625,187.6036376953125,60.9383544921875,86.5615234375,10,0.9241793751716614
203,1451,234.21644592285156,45.76023483276367,59.16062927246094,88.62448501586914,10,0.9186748266220093
204,1455,254.8813934326172,144.3076171875,208.31568908691406,271.37066650390625,6,0.901202380657196
205,1456,392.473876953125,114.28988647460938,121.89984130859375,264.7904357910156,16,0.9650601744651794
206,1457,196.67984008789062,119.5211181640625,173.9459228515625,337.95050048828125,17,0.9250299334526062
207,1460,177.39028930664062,150.70721435546875,189.4197998046875,242.29443359375,5,0.9698497653007507
208,1461,0.09967041015625,19.3541259765625,512.9772338867188,489.77685546875,6,0.7796952724456787
209,1461,49.54095458984375,21.380462646484375,455.66064453125,482.6973876953125,16,0.495387464761734
210,147,206.4138946533203,199.3604736328125,169.06565856933594,215.690185546875,3,0.9695038795471191
211,1473,242.938720703125,25.48468017578125,189.0391845703125,482.81744384765625,8,0.8137773275375366
212,1476,298.73406982421875,243.481689453125,61.669677734375,139.68310546875,15,0.8863994479179382
213,1477,143.72103881835938,81.85538482666016,174.38775634765625,244.87700653076172,3,0.9639999270439148
214,1478,194.56890869140625,108.11456298828125,231.0653076171875,296.29022216796875,17,0.9379575252532959
215,1478,594.775390625,429.51654052734375,45.224609375,128.7818603515625,10,0.7778540253639221
216,1479,202.87266540527344,53.82318115234375,185.74598693847656,278.0179443359375,14,0.946536123752594
217,1481,286.4982604980469,173.08523559570312,80.6380615234375,225.3011474609375,15,0.8915953636169434
218,1481,607.449462890625,479.72308349609375,32.550537109375,159.99560546875,5,0.28637540340423584
219,1484,177.055419921875,184.40451049804688,214.83734130859375,188.56939697265625,7,0.9477089643478394
220,1487,250.92608642578125,0.608642578125,141.7137451171875,143.95162963867188,6,0.9463914036750793
221,1491,194.7291259765625,197.12246704101562,202.99713134765625,227.16656494140625,13,0.9259321093559265
222,1499,65.47421264648438,39.38226318359375,251.75735473632812,367.5992431640625,2,0.9791805148124695
223,1503,258.5544738769531,209.95492553710938,123.54583740234375,123.9248046875,2,0.9559932947158813
224,1513,223.5518035888672,104.689697265625,257.14955139160156,295.3160400390625,5,0.9732815027236938
225,1516,244.93051147460938,303.4895935058594,119.42596435546875,113.49432373046875,16,0.6171219944953918
226,1518,473.1435546875,359.6745910644531,45.4246826171875,119.67303466796875,8,0.9112591743469238
227,1518,111.41964721679688,342.167236328125,43.362457275390625,122.5867919921875,8,0.9100621342658997
228,1518,294.08843994140625,349.59222412109375,43.7606201171875,122.3929443359375,8,0.8986213803291321
229,1519,237.7731170654297,195.68663024902344,85.46705627441406,233.77919006347656,21,0.8724151253700256
230,1522,298.15093994140625,298.16217041015625,199.81427001953125,101.808349609375,21,0.486087828874588
231,1523,133.32391357421875,12.170806884765625,365.25860595703125,422.9040222167969,18,0.9479919075965881
232,1525,247.16339111328125,257.07489013671875,82.75775146484375,86.355224609375,6,0.9184549450874329
233,1526,234.22369384765625,141.90499877929688,253.128173828125,338.8582763671875,6,0.7752974033355713
234,1533,180.26686096191406,120.71331787109375,238.95054626464844,300.7227783203125,14,0.8672509789466858
235,1535,226.4887237548828,53.4267578125,234.09068298339844,428.4542236328125,4,0.7050438523292542
236,1535,252.087646484375,51.56951904296875,206.90643310546875,429.353271484375,6,0.2730504870414734
237,1538,219.26055908203125,271.355224609375,39.496826171875,24.40472412109375,15,0.8795138001441956
238,1538,427.3247375488281,386.00469970703125,16.05487060546875,70.8448486328125,15,0.6816565990447998
239,1550,248.33595275878906,158.5323486328125,100.66404724121094,187.23275756835938,3,0.9600296020507812
240,1552,266.25335693359375,162.2430877685547,153.92816162109375,248.47608947753906,14,0.958360493183136
241,1563,220.134033203125,153.953125,261.58575439453125,320.37786865234375,17,0.9449795484542847
242,1565,325.2799072265625,60.189674377441406,170.7005615234375,171.72606658935547,2,0.9482750296592712
243,1566,268.511962890625,89.40924072265625,47.570556640625,306.5472412109375,8,0.9038762450218201
244,1567,259.5745544433594,224.9341278076172,164.6527099609375,297.64918518066406,16,0.9631472229957581
245,157,202.41001892089844,75.94174194335938,352.55995178222656,393.114990234375,18,0.9579343199729919
246,1570,308.23187255859375,161.45480346679688,203.99853515625,274.96539306640625,3,0.965269148349762
247,1574,138.95156860351562,89.33314514160156,324.7138671875,402.92832946777344,18,0.9608079791069031
248,1577,146.7037811279297,86.92417907714844,332.89076232910156,380.00782775878906,18,0.9565215706825256
249,1579,223.9742431640625,137.24874877929688,200.92364501953125,328.9393310546875,20,0.9552710652351379
250,1581,181.516357421875,143.54205322265625,296.8173828125,392.7618408203125,18,0.9170087575912476
251,1583,282.4091796875,0.0,144.364501953125,517.2345581054688,21,0.6201812028884888
252,1584,287.164306640625,283.97967529296875,66.3643798828125,72.57568359375,10,0.9229248762130737
253,1586,176.36195373535156,201.58770751953125,224.60997009277344,288.42010498046875,14,0.9354689121246338
254,1589,198.17730712890625,142.3468017578125,221.79559326171875,209.6805419921875,7,0.9425204396247864
255,159,173.55877685546875,96.47145080566406,209.45501708984375,324.22434997558594,7,0.9614194631576538
256,159,430.2801513671875,328.19256591796875,209.0899658203125,311.80743408203125,2,0.42744970321655273
257,1597,146.72225952148438,75.900634765625,130.54312133789062,152.29534912109375,13,0.9081000685691833
258,1599,187.34449768066406,348.7686767578125,189.61558532714844,198.6729736328125,9,0.9561266899108887
259,160,192.49740600585938,157.33642578125,221.7222900390625,266.73773193359375,16,0.9491786360740662
260,1600,325.83123779296875,372.18780517578125,161.2247314453125,158.15716552734375,9,0.9450280070304871
261,1602,284.7043151855469,226.35951232910156,93.99444580078125,132.71006774902344,13,0.9294080138206482
262,1604,201.6397247314453,168.94647216796875,223.85264587402344,299.7205810546875,6,0.865684449672699
263,1604,0.0,0.1811676025390625,151.6381072998047,204.43466186523438,20,0.6194617748260498
264,1605,167.00070190429688,94.68780517578125,281.49658203125,340.135009765625,18,0.9500406384468079
265,161,203.44729614257812,168.7239990234375,179.491943359375,234.34442138671875,20,0.9392128586769104
266,1613,321.873779296875,151.72406005859375,152.40667724609375,363.6868896484375,14,0.8938822150230408
267,1618,165.9752655029297,120.38133239746094,274.44264221191406,330.62489318847656,14,0.9030240178108215
268,1619,147.99533081054688,105.28106689453125,217.85919189453125,204.13763427734375,16,0.9660308361053467
269,1626,122.83193969726562,96.51275634765625,231.94708251953125,186.61996459960938,2,0.9335908889770508
270,1635,173.40277099609375,122.33563232421875,311.683837890625,361.20941162109375,17,0.9608359336853027
271,164,181.6497039794922,86.13540649414062,268.58937072753906,326.081787109375,6,0.9193492531776428
272,1642,166.74229431152344,100.5177001953125,240.72853088378906,286.4998779296875,20,0.9348423480987549
273,1643,276.2530517578125,109.7938232421875,114.9814453125,184.18096923828125,3,0.9584780931472778
274,1646,228.81686401367188,136.7584686279297,208.559326171875,315.41383361816406,18,0.8095040321350098
275,1646,1.081451416015625,0.039825439453125,215.85888671875,331.8470458984375,12,0.29136496782302856
276,1650,287.9722900390625,202.26773071289062,152.72296142578125,162.26611328125,4,0.905145525932312
277,1655,308.59295654296875,176.95819091796875,52.32672119140625,162.29498291015625,21,0.8283948302268982
278,1658,259.1539001464844,267.94464111328125,84.4412841796875,110.78076171875,3,0.5483981370925903
279,1658,224.45516967773438,268.41790771484375,119.051025390625,108.017578125,3,0.4048890471458435
280,1659,183.8630828857422,140.65106201171875,262.41981506347656,296.6552734375,20,0.9563156962394714
281,1661,189.0423126220703,154.4494171142578,161.62510681152344,273.98094177246094,13,0.791802704334259
282,1666,314.14019775390625,207.02622985839844,233.93389892578125,206.08619689941406,16,0.9592812061309814
283,1669,90.31193542480469,133.93280029296875,17.000518798828125,76.7557373046875,15,0.9023323059082031
284,1669,7.491493225097656,157.33709716796875,43.57217025756836,67.42556762695312,16,0.8882184028625488
285,1669,226.17572021484375,31.745323181152344,34.78564453125,31.784439086914062,15,0.8771740198135376
286,1669,462.38250732421875,167.27883911132812,13.7412109375,60.920166015625,15,0.8405472040176392
287,167,216.9470977783203,157.56399536132812,175.53477478027344,244.09619140625,10,0.9796817302703857
288,1670,155.35476684570312,139.3788299560547,283.15704345703125,309.55897521972656,20,0.9548295140266418
289,1671,258.617919921875,140.4855499267578,243.856689453125,257.49363708496094,4,0.8824698328971863
290,1672,209.30113220214844,180.11480712890625,138.20155334472656,128.7713623046875,13,0.8217478394508362
291,1675,354.512939453125,10.429496765136719,233.43695068359375,236.65747833251953,10,0.9181784987449646
292,1676,192.0556182861328,133.19625854492188,229.03062438964844,345.00653076171875,14,0.8095115423202515
293,1678,251.58694458007812,288.2835693359375,103.12164306640625,105.74542236328125,2,0.9516686797142029
294,168,200.1224365234375,84.32470703125,314.5872802734375,366.029052734375,18,0.9419558048248291
295,1681,80.67071533203125,38.57135009765625,341.83282470703125,485.1533203125,20,0.9458866715431213
296,1684,202.82933044433594,115.56695556640625,213.53578186035156,294.81719970703125,5,0.9650896787643433
297,1689,242.31126403808594,185.5941162109375,166.53028869628906,289.3226318359375,14,0.9241198897361755
298,1691,197.36212158203125,162.14703369140625,149.76025390625,229.95513916015625,3,0.969112753868103
299,1692,125.40447998046875,180.01536560058594,70.85272216796875,244.57594299316406,21,0.5409165024757385
300,1695,470.5901794433594,107.50050354003906,118.52664184570312,107.26058959960938,16,0.9287378191947937
301,1695,290.64520263671875,431.8438720703125,80.905029296875,75.7867431640625,16,0.8527684211730957
302,170,204.6001434326172,94.12628173828125,210.60389709472656,218.94696044921875,3,0.6484817862510681
303,1700,191.3206024169922,114.95401000976562,161.44252014160156,381.773681640625,20,0.8793100118637085
304,1701,373.6820068359375,68.17613220214844,94.3994140625,111.06146240234375,2,0.9480270743370056
305,1707,187.308837890625,140.637939453125,249.2298583984375,322.1553955078125,17,0.9460107088088989
306,1707,522.6854248046875,502.0304870605469,105.37451171875,137.58328247070312,10,0.8914613127708435
307,1708,156.22840881347656,33.175048828125,228.30455017089844,206.02291870117188,2,0.9457523822784424
308,1711,227.8094024658203,232.52865600585938,219.81834411621094,109.64080810546875,15,0.3620629608631134
309,1714,248.47032165527344,193.06402587890625,200.87953186035156,275.4678955078125,6,0.9335994720458984
310,1717,152.236572265625,103.85321044921875,322.202880859375,349.9176025390625,20,0.9707995653152466
311,1720,213.2737579345703,125.44258880615234,116.79234313964844,149.73078155517578,10,0.9325624108314514
312,1723,210.79315185546875,89.9158935546875,305.8304443359375,355.39501953125,4,0.9241185784339905
313,1727,204.59774780273438,284.5794372558594,243.82501220703125,144.98333740234375,15,0.8436144590377808
314,1729,140.20034790039062,65.04043579101562,140.8194580078125,191.62088012695312,13,0.9522783160209656
315,1729,421.390869140625,409.98046875,116.0313720703125,131.6702880859375,13,0.9383123517036438
316,173,265.90118408203125,189.81793212890625,169.6728515625,239.806640625,9,0.9460890293121338
317,1730,216.37796020507812,124.52719116210938,232.64703369140625,342.86590576171875,14,0.8256698846817017
318,1733,184.69036865234375,143.32403564453125,307.78143310546875,429.987548828125,18,0.9425586462020874
319,1734,153.86672973632812,230.29627990722656,38.3145751953125,94.39060974121094,15,0.8341821432113647
320,1737,276.78399658203125,135.99786376953125,179.790283203125,234.757568359375,5,0.9708747267723083
321,1738,238.14108276367188,135.91970825195312,111.50347900390625,340.92034912109375,8,0.7333381175994873
322,1742,362.7346496582031,77.69903564453125,125.46771240234375,163.24270629882812,13,0.9498222470283508
323,1742,172.3017578125,401.18060302734375,96.695068359375,129.5355224609375,13,0.9365965127944946
324,1743,172.396484375,2.20672607421875,289.4027099609375,579.23193359375,8,0.8638431429862976
325,1744,222.86874389648438,125.85564422607422,229.47686767578125,206.76758575439453,7,0.9502286314964294
326,1748,403.77740478515625,3.716583251953125,129.3223876953125,159.14315795898438,10,0.9534501433372498
327,1748,84.49803161621094,397.100830078125,74.30360412597656,107.1151123046875,10,0.9253063201904297
328,1751,305.29681396484375,113.93283081054688,104.8975830078125,105.90093994140625,2,0.9567650556564331
329,1753,216.9346466064453,39.9180908203125,150.82481384277344,454.226318359375,20,0.47256094217300415
330,1754,265.12078857421875,184.06988525390625,81.6875,220.767333984375,15,0.8949342370033264
331,1754,371.38311767578125,187.7840576171875,86.62255859375,218.69915771484375,15,0.2908596992492676
332,1758,400.77752685546875,94.984619140625,119.688720703125,132.4359130859375,16,0.9727535247802734
333,1758,124.4190673828125,387.37030029296875,98.26974487304688,118.6854248046875,16,0.9643198847770691
334,1760,242.26736450195312,216.6908416748047,147.84967041015625,174.83216857910156,6,0.9195911288261414
335,1762,256.3656005859375,226.77503967285156,115.1666259765625,177.06431579589844,13,0.9314452409744263
336,1763,183.65203857421875,0.0499725341796875,245.45233154296875,120.74661254882812,2,0.9574907422065735
337,1768,144.7781982421875,116.0755615234375,332.3616943359375,518.4818115234375,21,0.9549850821495056
338,177,322.72210693359375,208.10398864746094,119.6507568359375,243.75929260253906,10,0.5949447751045227
339,1770,256.28887939453125,210.4955291748047,122.38897705078125,112.42909240722656,7,0.938910961151123
340,1772,241.561279296875,46.35584259033203,229.83197021484375,212.01860809326172,7,0.9283416867256165
341,1774,410.2122802734375,86.70651245117188,170.72509765625,214.31121826171875,4,0.9209047555923462
342,1774,70.52438354492188,364.48638916015625,142.19235229492188,182.18267822265625,4,0.9188553094863892
343,1774,143.2525634765625,0.195465087890625,180.5255126953125,128.784912109375,1,0.36961281299591064
344,1776,238.73757934570312,90.84835815429688,166.2735595703125,287.8061218261719,7,0.9678655862808228
345,1778,251.40316772460938,66.58992004394531,148.65289306640625,167.20449829101562,9,0.9415082931518555
346,1782,162.681884765625,159.87408447265625,167.50421142578125,301.4031982421875,17,0.9134080410003662
347,1786,187.22244262695312,205.76504516601562,130.90359497070312,178.02154541015625,3,0.963586688041687
348,1790,281.187744140625,218.3270263671875,62.4029541015625,183.27581787109375,15,0.8758946657180786
349,1790,603.4228515625,0.0,36.509521484375,80.28448486328125,16,0.6243655681610107
350,1792,324.4912414550781,90.6834716796875,49.0516357421875,92.65859985351562,4,0.7014554738998413
351,1792,586.8427734375,0.0,19.8570556640625,13.639307022094727,15,0.29479771852493286
352,1794,586.597412109375,143.59378051757812,53.402587890625,189.31039428710938,8,0.9404708743095398
353,1794,16.25450897216797,131.530517578125,67.18754577636719,190.62435913085938,8,0.9391549229621887
354,1794,300.7186584472656,140.05673217773438,65.89990234375,187.41232299804688,8,0.9329126477241516
355,180,159.65283203125,97.74630737304688,239.26116943359375,350.617919921875,14,0.8754432201385498
356,1805,155.81289672851562,106.06536865234375,223.3798828125,291.91546630859375,14,0.9463696479797363
357,1806,232.60609436035156,211.14071655273438,57.44090270996094,165.513427734375,15,0.8595644235610962
358,1806,509.4547119140625,0.14699554443359375,130.078369140625,108.63341522216797,15,0.27436161041259766
359,1809,212.80393981933594,132.68844604492188,235.77308654785156,183.9249267578125,10,0.9548408389091492
360,181,136.8138427734375,135.14205932617188,218.24453735351562,263.044677734375,10,0.9569819569587708
361,1811,190.76318359375,128.54779052734375,264.4984130859375,286.28253173828125,14,0.8581451177597046
362,1812,168.2978973388672,110.41583251953125,192.16078186035156,270.86590576171875,18,0.9547659754753113
363,182,180.178466796875,123.73825073242188,241.873779296875,278.64263916015625,5,0.9703107476234436
364,1820,191.6871795654297,136.0823974609375,197.98085021972656,182.5086669921875,4,0.532351553440094
365,183,221.29771423339844,193.4356689453125,249.49989318847656,292.5799560546875,20,0.9359267950057983
366,1832,310.5824279785156,67.090087890625,191.08697509765625,285.14227294921875,16,0.9749197363853455
367,1838,188.01895141601562,150.5214080810547,200.18768310546875,252.01368713378906,13,0.942409336566925
368,184,241.0284881591797,217.44198608398438,145.41737365722656,231.407470703125,12,0.9493586421012878
369,1840,211.3751678466797,96.17596435546875,198.85890197753906,373.53814697265625,14,0.8905186057090759
370,1845,118.97730255126953,172.81732177734375,207.30785369873047,211.342041015625,2,0.8552089929580688
371,1845,0.0,390.2840576171875,39.52398681640625,224.77239990234375,7,0.765288770198822
372,1855,320.57720947265625,107.98112487792969,123.63818359375,381.68360900878906,21,0.9285494685173035
373,1856,158.37356567382812,107.91779327392578,187.19296264648438,253.50615692138672,3,0.9635847806930542
374,1868,289.4173889160156,195.49449157714844,85.63299560546875,135.21083068847656,11,0.9518188834190369
375,1869,217.10264587402344,102.98844909667969,131.80702209472656,485.05165100097656,11,0.9489899277687073
376,1871,383.4315185546875,95.54396057128906,66.56427001953125,105.90585327148438,1,0.953045666217804
377,1871,196.82791137695312,443.85992431640625,52.5009765625,73.30963134765625,1,0.9364843368530273
378,1872,208.19869995117188,104.11883544921875,176.6751708984375,329.5631103515625,12,0.9449016451835632
379,1873,194.88851928710938,150.5018768310547,176.9766845703125,268.51356506347656,19,0.9245721697807312
380,1875,178.77197265625,99.75332641601562,132.44674682617188,283.7657470703125,11,0.9494382739067078
381,188,180.5439453125,183.62591552734375,183.39117431640625,258.055908203125,1,0.9668968915939331
382,1884,284.857666015625,187.80419921875,116.962646484375,232.35357666015625,19,0.9336332678794861
383,1889,149.29803466796875,128.46539306640625,357.26690673828125,347.62115478515625,19,0.8120054006576538
384,1889,152.53382873535156,127.66162109375,357.48936462402344,512.33837890625,19,0.7353525757789612
385,1889,150.80860900878906,129.84228515625,264.08738708496094,327.81951904296875,19,0.6814752817153931
386,1890,293.76922607421875,160.41876220703125,73.9342041015625,304.17724609375,11,0.9400204420089722
387,1894,247.30706787109375,131.00994873046875,205.58270263671875,295.04754638671875,1,0.9320874214172363
388,190,136.84933471679688,446.30755615234375,28.8817138671875,83.55908203125,8,0.8628512620925903
389,190,259.6727294921875,453.5130615234375,27.852294921875,79.17779541015625,8,0.8358043432235718
390,190,378.5928955078125,458.762451171875,27.9293212890625,80.0262451171875,8,0.8129473924636841
391,191,39.646148681640625,104.38397216796875,272.3566589355469,368.709228515625,16,0.9714199900627136
392,1915,204.8819580078125,90.88456726074219,183.67327880859375,371.20191955566406,12,0.8962897658348083
393,192,215.83633422851562,142.67236328125,176.71136474609375,270.70794677734375,12,0.9450131058692932
394,192,1.6187896728515625,0.527130126953125,83.24787902832031,231.89883422851562,15,0.6425424218177795
395,1924,227.39898681640625,156.25534057617188,136.62615966796875,252.03912353515625,19,0.9466522336006165
396,1926,205.30807495117188,173.2945556640625,105.950439453125,199.66070556640625,11,0.94528728723526
397,1928,223.0211944580078,123.9384994506836,213.94651794433594,253.97577667236328,11,0.9470446705818176
398,193,197.18185424804688,99.21490478515625,172.8675537109375,182.21603393554688,5,0.9672667384147644
399,1945,254.809814453125,126.17957305908203,119.40679931640625,182.70012664794922,19,0.9362490773200989
400,1946,144.48892211914062,117.43978881835938,252.13494873046875,381.57574462890625,1,0.9582653641700745
401,1947,202.72772216796875,174.7892303466797,156.95166015625,245.51808166503906,19,0.940670907497406
402,1948,184.5713653564453,121.26116943359375,159.85935974121094,257.2690734863281,1,0.9710129499435425
403,1948,505.048583984375,464.1680908203125,123.6856689453125,168.4981689453125,3,0.957240879535675
404,1950,171.26162719726562,100.37680053710938,229.685791015625,332.5130615234375,19,0.9238160252571106
405,1952,215.66552734375,132.35232543945312,153.25213623046875,216.2625732421875,19,0.9515639543533325
406,1956,266.781982421875,116.99969482421875,56.0076904296875,362.29840087890625,19,0.45043423771858215
407,1958,247.98211669921875,148.6441650390625,220.6488037109375,317.013427734375,1,0.9053472280502319
408,196,112.16984558105469,182.98895263671875,317.8208770751953,336.52166748046875,13,0.9195871353149414
409,1965,89.47048950195312,195.66949462890625,206.17153930664062,288.3323974609375,11,0.9420739412307739
410,1968,229.38983154296875,175.82791137695312,166.0679931640625,210.95062255859375,11,0.9601372480392456
411,197,535.909423828125,129.4288330078125,66.140625,194.276123046875,8,0.9397934675216675
412,197,241.66558837890625,114.83657836914062,68.2608642578125,195.50119018554688,8,0.9367846846580505
413,197,0.0,101.42288208007812,12.142101287841797,200.99038696289062,8,0.7108606100082397
414,1970,241.33233642578125,226.60882568359375,137.79010009765625,301.2652587890625,11,0.9532240629196167
415,1970,368.635986328125,0.12982177734375,179.9404296875,270.9561767578125,16,0.5331909656524658
416,1970,174.54022216796875,545.845947265625,136.4417724609375,94.154052734375,11,0.3494301736354828
417,1970,0.210601806640625,0.0,185.0341339111328,316.8966064453125,2,0.30044692754745483
418,1972,219.17843627929688,207.79852294921875,120.1318359375,206.51171875,11,0.9615108370780945
419,1974,249.04747009277344,148.6973876953125,181.90687561035156,281.6983642578125,1,0.9509955644607544
420,1980,267.91796875,187.86851501464844,169.3846435546875,229.34608459472656,12,0.9539828896522522
421,1980,0.0,83.30084228515625,118.874267578125,518.2612915039062,20,0.3344898819923401
422,1984,334.23846435546875,73.80291748046875,290.60467529296875,366.55487060546875,19,0.922738790512085
423,1986,144.01922607421875,90.24749755859375,237.32220458984375,381.57464599609375,12,0.8137649297714233
424,1994,222.76589965820312,193.0628204345703,160.01348876953125,235.04331970214844,19,0.9411213397979736
425,1995,423.36541748046875,96.2562484741211,118.45361328125,171.02936553955078,1,0.9531359076499939
426,1995,160.5392303466797,494.0606994628906,68.46405029296875,144.39230346679688,1,0.9519996643066406
427,1997,206.10411071777344,162.92950439453125,192.79786682128906,280.51116943359375,19,0.9237363934516907
428,1998,268.411865234375,78.33697509765625,88.78009033203125,279.20587158203125,19,0.8389830589294434
429,1999,276.0474853515625,173.34564208984375,98.45263671875,163.9569091796875,11,0.9555504322052002
430,2,252.10614013671875,176.556640625,145.2178955078125,185.40142822265625,10,0.9259416460990906
431,2,242.98065185546875,0.0,381.2591552734375,225.30429077148438,2,0.7287882566452026
432,20,219.76885986328125,126.34222412109375,219.15496826171875,338.89288330078125,14,0.8915608525276184
433,2001,218.3323974609375,174.79417419433594,157.81683349609375,225.80775451660156,1,0.9682822823524475
434,2001,435.6890869140625,385.5260009765625,138.47027587890625,171.6328125,3,0.9565526247024536
435,2002,126.56072998046875,213.2683868408203,247.02926635742188,337.39195251464844,11,0.9733009338378906
436,2008,243.30242919921875,237.7796630859375,91.915283203125,220.43243408203125,19,0.924652636051178
437,2009,160.59835815429688,177.96229553222656,151.89453125,329.59910583496094,11,0.907954216003418
438,2011,209.60958862304688,154.9696807861328,156.60333251953125,217.67662048339844,19,0.9396294951438904
439,2012,234.89605712890625,145.40480041503906,258.09759521484375,329.63584899902344,19,0.9411894679069519
440,2014,231.16278076171875,101.14307403564453,134.97747802734375,215.57677459716797,1,0.9570385217666626
441,2014,452.49102783203125,339.33929443359375,113.02288818359375,148.6551513671875,3,0.9491319060325623
442,2015,90.86380004882812,80.35293579101562,287.129150390625,331.3596496582031,19,0.9478417634963989
443,2017,144.3948974609375,136.3653564453125,233.31884765625,308.57476806640625,19,0.922089695930481
444,2022,233.20101928710938,93.74761962890625,175.0819091796875,268.6490478515625,11,0.9520447254180908
445,2023,242.09219360351562,160.93328857421875,102.9793701171875,154.83526611328125,1,0.9588921666145325
446,2025,230.91444396972656,122.86968994140625,157.46299743652344,231.89297485351562,12,0.942381739616394
447,2027,178.08531188964844,116.13240051269531,196.35560607910156,297.78477478027344,12,0.9674500226974487
448,2035,328.67816162109375,242.018798828125,164.367919921875,289.68878173828125,11,0.9455601572990417
449,2038,270.2396240234375,161.88302612304688,101.44989013671875,145.92434692382812,11,0.9482190012931824
450,2041,223.45030212402344,125.46121215820312,195.30567932128906,230.66885375976562,19,0.8607967495918274
451,2043,246.94009399414062,141.12905883789062,126.14849853515625,212.92205810546875,1,0.9574520587921143
452,2047,278.54205322265625,153.92138671875,75.09912109375,244.09783935546875,11,0.9418137669563293
453,2048,169.5393524169922,133.7377166748047,212.08485412597656,316.65614318847656,1,0.9630319476127625
454,2053,191.73117065429688,95.09130859375,217.5301513671875,456.8294677734375,1,0.9587619304656982
455,2056,221.82586669921875,113.90283203125,236.58953857421875,310.5994873046875,9,0.9177240133285522
456,2064,346.7247314453125,165.31141662597656,114.9698486328125,182.42613220214844,1,0.9647072553634644
457,2065,198.85577392578125,95.208251953125,247.7249755859375,369.8314208984375,1,0.9383322596549988
458,2067,189.90789794921875,144.07583618164062,201.792236328125,303.003662109375,12,0.9315447807312012
459,2068,219.63340759277344,166.8606719970703,119.79115295410156,211.47654724121094,11,0.9492238163948059
460,2076,129.87994384765625,118.81686401367188,201.387451171875,288.09405517578125,19,0.8311353325843811
461,2077,191.16046142578125,158.51034545898438,213.3463134765625,286.48046875,12,0.943515419960022
462,2081,20.65032958984375,93.12931823730469,408.2657470703125,462.47926330566406,1,0.9702997207641602
463,2082,146.60787963867188,170.69993591308594,162.616455078125,222.05323791503906,19,0.9358165264129639
464,2083,172.6596221923828,106.8314208984375,309.33091735839844,432.7532958984375,1,0.964638888835907
465,2085,261.29937744140625,206.50555419921875,121.8126220703125,212.99322509765625,11,0.9256165027618408
466,2087,172.11923217773438,124.77764892578125,236.42596435546875,289.6978759765625,1,0.9619442820549011
467,2091,261.39263916015625,170.77587890625,143.37115478515625,243.12249755859375,11,0.9507473111152649
468,2091,0.0,0.0,198.36802673339844,551.39892578125,1,0.41866442561149597
469,2092,278.3785400390625,124.0550537109375,175.38763427734375,258.42291259765625,11,0.9324243664741516
470,220,197.61874389648438,89.8773422241211,130.30694580078125,182.17407989501953,5,0.9672905802726746
471,223,193.32119750976562,126.22576904296875,188.1171875,211.39837646484375,4,0.8814820647239685
472,231,550.8023681640625,106.4627685546875,70.1558837890625,203.5130615234375,7,0.8103408813476562
473,231,245.67498779296875,90.52999114990234,71.54998779296875,202.55768585205078,7,0.7307524085044861
474,231,244.6486053466797,90.16021728515625,73.23231506347656,202.63775634765625,8,0.3308914601802826
475,232,249.72752380371094,169.2040252685547,106.42298889160156,261.05543518066406,5,0.9703816771507263
476,234,180.26637268066406,153.01177978515625,234.49497985839844,293.8660888671875,20,0.8996856808662415
477,235,216.18370056152344,146.704833984375,180.60194396972656,243.39263916015625,9,0.9690481424331665
478,236,240.70980834960938,123.9046630859375,155.66845703125,204.72265625,6,0.9294125437736511
479,240,277.59112548828125,159.0139923095703,164.9403076171875,235.43479919433594,12,0.9447577595710754
480,242,253.50035095214844,108.16448974609375,180.82899475097656,272.08502197265625,13,0.8849661946296692
481,250,277.39276123046875,138.07241821289062,159.8935546875,301.62677001953125,19,0.7297000288963318
482,255,299.823486328125,149.29270935058594,212.5467529296875,294.68434143066406,6,0.8825342655181885
483,256,288.3058166503906,164.84725952148438,86.2784423828125,103.61968994140625,10,0.9338268041610718
484,260,217.17762756347656,82.223876953125,192.61485290527344,243.48492431640625,16,0.9666143655776978
485,264,242.7286376953125,172.39007568359375,66.3782958984375,341.49395751953125,11,0.8846955299377441
486,269,0.6365814208984375,266.98919677734375,152.60333251953125,344.27008056640625,16,0.8482253551483154
487,275,205.5731201171875,181.809326171875,116.8427734375,155.44683837890625,18,0.9368239045143127
488,276,178.26246643066406,165.63018798828125,179.53196716308594,243.4461669921875,16,0.9489806294441223
489,279,193.763916015625,130.57684326171875,204.43212890625,320.154052734375,17,0.947255551815033
490,281,206.60601806640625,98.32572937011719,259.98077392578125,382.07862854003906,14,0.9107596278190613
491,283,253.9082489013672,61.63720703125,262.55384826660156,426.01092529296875,14,0.9174511432647705
492,284,240.82211303710938,168.12269592285156,78.71807861328125,209.57652282714844,11,0.9370018839836121
493,288,201.43507385253906,147.0760040283203,172.90965270996094,318.42234802246094,10,0.9606340527534485
494,290,188.5015869140625,212.4180450439453,107.66168212890625,199.44529724121094,11,0.9505413174629211
495,290,310.48712158203125,0.0,328.2703857421875,295.4449157714844,16,0.7294493913650513
496,291,148.39718627929688,87.59884643554688,339.25811767578125,329.0126953125,13,0.9083378314971924
497,291,0.44921875,205.7618408203125,190.67626953125,433.84283447265625,17,0.49624353647232056
498,293,168.10302734375,176.47100830078125,266.6259765625,289.0047607421875,6,0.9127104878425598
499,295,223.04774475097656,200.28074645996094,181.95408630371094,228.90467834472656,9,0.9556139707565308
500,295,0.0,328.3092041015625,36.847774505615234,311.6907958984375,16,0.5099004507064819
501,303,160.82476806640625,130.7109832763672,219.42596435546875,283.85902404785156,9,0.9201534986495972
502,305,127.6263427734375,132.54205322265625,162.2247314453125,265.4346923828125,2,0.960225522518158
503,306,166.95680236816406,114.7567367553711,226.05662536621094,244.83985137939453,16,0.9631779789924622
504,31,194.95562744140625,105.53109741210938,218.7437744140625,317.43743896484375,10,0.9421721696853638
505,310,66.08807373046875,236.90081787109375,256.6861572265625,307.2562255859375,13,0.9225179553031921
506,312,170.4923095703125,123.00959777832031,271.016845703125,327.35594177246094,13,0.9331911206245422
507,313,105.16061401367188,160.62661743164062,271.7022705078125,189.77960205078125,18,0.9004139304161072
508,315,225.43479919433594,166.18365478515625,162.81922912597656,276.776611328125,11,0.9562506079673767
509,315,0.0,0.5167083740234375,300.25103759765625,254.87867736816406,2,0.870230495929718
510,316,213.98379516601562,180.65185546875,234.36065673828125,305.3978271484375,19,0.9039167761802673
511,317,204.0147705078125,128.51602172851562,161.74652099609375,195.46469116210938,2,0.9584958553314209
512,320,215.0539093017578,112.78402709960938,234.24778747558594,242.31149291992188,3,0.955748975276947
513,322,293.7042236328125,187.07989501953125,232.65283203125,237.601806640625,17,0.9251707196235657
514,324,145.12680053710938,140.1021728515625,167.26165771484375,271.66107177734375,9,0.9547455310821533
515,325,174.37823486328125,150.730224609375,286.16204833984375,312.3070068359375,6,0.9337798953056335
516,325,502.9160461425781,162.29978942871094,136.29489135742188,477.70021057128906,21,0.387696236371994
517,328,247.973876953125,213.249267578125,127.91827392578125,122.2900390625,5,0.9531334042549133
518,328,266.1297912597656,0.203125,83.36883544921875,182.71392822265625,8,0.9181236028671265
519,336,335.6195373535156,173.0723876953125,128.15350341796875,111.77734375,15,0.6210261583328247
520,339,296.4176940917969,174.122802734375,196.3291015625,247.06304931640625,3,0.9700033068656921
521,340,385.25604248046875,53.74139404296875,132.57562255859375,163.067138671875,16,0.9673489332199097
522,340,94.7913818359375,412.80181884765625,101.56198120117188,131.7430419921875,16,0.9580281972885132
523,341,14.62210464477539,167.45846557617188,21.253089904785156,85.22100830078125,15,0.9105625748634338
524,341,512.6273193359375,181.51312255859375,16.576171875,79.65158081054688,15,0.8620050549507141
525,341,513.5028076171875,123.54135131835938,14.143310546875,136.82391357421875,15,0.6183704137802124
526,341,513.50439453125,122.13601684570312,20.085205078125,139.72171020507812,15,0.3964240849018097
527,344,215.75189208984375,166.71875,194.06396484375,233.6468505859375,5,0.9679598212242126
528,346,259.9745788574219,98.05154418945312,94.15997314453125,180.12893676757812,11,0.9429303407669067
529,348,215.787841796875,187.95730590820312,212.1871337890625,254.62493896484375,6,0.9245671629905701
530,357,264.57080078125,173.66525268554688,183.127685546875,220.69879150390625,3,0.9639867544174194
531,359,264.55718994140625,156.262939453125,152.338134765625,322.94708251953125,16,0.9665619134902954
532,360,397.3465576171875,449.0440673828125,29.4613037109375,81.7440185546875,8,0.8480890393257141
533,360,523.1193237304688,450.95660400390625,27.967529296875,81.581298828125,8,0.8311567306518555
534,360,273.2468566894531,447.67474365234375,28.1202392578125,82.145751953125,8,0.8121918439865112
535,363,264.90869140625,185.05621337890625,185.30816650390625,240.43994140625,6,0.9376838803291321
536,364,237.4052734375,192.1953582763672,207.47509765625,217.60328674316406,12,0.9096718430519104
537,366,94.52969360351562,144.23040771484375,174.78802490234375,269.923095703125,4,0.9244452714920044
538,369,191.50502014160156,91.56845092773438,239.67185974121094,307.0319519042969,12,0.8929915428161621
539,37,565.3119506835938,341.492431640625,74.68804931640625,263.852294921875,9,0.8832976222038269
540,37,11.31439208984375,375.625732421875,340.121337890625,264.374267578125,12,0.28176558017730713
541,382,41.27488708496094,443.9111328125,35.08723449707031,106.9586181640625,15,0.6856037974357605
542,382,278.6854248046875,0.179595947265625,110.8363037109375,417.1564025878906,15,0.6154736280441284
543,382,278.050048828125,0.272003173828125,108.2161865234375,416.8347473144531,21,0.327222615480423
544,385,192.73260498046875,125.25027465820312,151.4940185546875,218.91534423828125,19,0.9282642602920532
545,386,199.97056579589844,181.82366943359375,272.70191955566406,335.95098876953125,14,0.8868779540061951
546,387,30.578277587890625,42.399444580078125,273.6802978515625,327.8016357421875,9,0.8994854092597961
547,387,0.0,199.68817138671875,87.97723388671875,335.58331298828125,9,0.25499963760375977
548,388,236.45553588867188,170.84405517578125,206.4833984375,260.06597900390625,10,0.422740638256073
549,39,281.14068603515625,152.37969970703125,97.902099609375,362.07745361328125,8,0.48661985993385315
550,394,177.41668701171875,202.20599365234375,201.4901123046875,276.67413330078125,20,0.9479781985282898
551,422,216.952392578125,222.37025451660156,149.5196533203125,198.63328552246094,2,0.9426195621490479
552,428,183.74615478515625,152.09481811523438,238.32049560546875,281.48797607421875,6,0.931046724319458
553,44,125.60391235351562,116.489501953125,218.07998657226562,263.335205078125,6,0.9086931347846985
554,447,252.208740234375,0.0,84.6590576171875,229.4729461669922,7,0.8929199576377869
555,447,600.6264038085938,17.454071044921875,39.37359619140625,234.93499755859375,15,0.6534651517868042
556,447,600.1953125,17.18885040283203,39.8046875,236.20391082763672,7,0.47757822275161743
557,454,304.6128845214844,104.56484985351562,71.7376708984375,199.92434692382812,8,0.9523704051971436
558,454,2.8548965454101562,99.38715362548828,70.03773498535156,199.48503875732422,8,0.9478002786636353
559,454,607.8026123046875,108.689697265625,32.1973876953125,200.87374877929688,8,0.8435657620429993
560,455,249.51820373535156,183.9071044921875,255.72166442871094,369.84039306640625,6,0.9270468950271606
561,469,226.25286865234375,129.08216857910156,199.96142578125,318.93138122558594,4,0.8416122198104858
562,47,202.79034423828125,148.48739624023438,124.48944091796875,207.43081665039062,10,0.9509108066558838
563,470,216.10879516601562,138.05078125,200.2734375,275.79071044921875,17,0.9436376094818115
564,478,163.5189208984375,109.0706787109375,413.46173095703125,415.589111328125,16,0.9735904335975647
565,486,184.30657958984375,115.94146728515625,321.5716552734375,337.640625,13,0.9135377407073975
566,493,122.70220947265625,66.65353393554688,173.9256591796875,328.8150939941406,10,0.9508292078971863
567,494,99.60153198242188,172.656005859375,279.82647705078125,331.23504638671875,13,0.9323436617851257
568,495,209.8275146484375,154.35433959960938,165.0172119140625,238.23809814453125,2,0.9750272631645203
569,499,331.31591796875,144.95223999023438,143.59918212890625,210.76007080078125,3,0.9516817331314087
570,5,71.20288848876953,115.05463409423828,219.19676971435547,252.09386444091797,2,0.954314112663269
571,50,52.75276184082031,58.278533935546875,163.69598388671875,204.77557373046875,6,0.9405531287193298
572,505,218.04318237304688,88.17446899414062,160.477783203125,225.480712890625,7,0.9607174396514893
573,507,241.701904296875,203.37835693359375,231.2861328125,263.80462646484375,14,0.9395103454589844
574,511,318.52081298828125,87.12490844726562,98.439453125,289.0972595214844,18,0.6209143996238708
575,517,156.61663818359375,127.91644287109375,285.9007568359375,312.597412109375,20,0.9619331359863281
576,520,238.23294067382812,120.57540893554688,165.0001220703125,148.70010375976562,6,0.9397766590118408
577,525,186.37020874023438,181.2294464111328,114.82980346679688,198.57481384277344,3,0.9687675833702087
578,536,209.4618682861328,171.05654907226562,94.28404235839844,176.63629150390625,7,0.9355456829071045
579,538,226.42279052734375,144.28213500976562,205.44549560546875,225.5670166015625,18,0.9474313259124756
580,541,174.1258544921875,71.84933471679688,236.0360107421875,304.2335205078125,18,0.8627637624740601
581,542,1.5461273193359375,134.50738525390625,164.1595001220703,381.29852294921875,21,0.8281823992729187
582,549,435.0817565917969,103.0167236328125,204.21755981445312,498.917724609375,21,0.9309898018836975
583,549,354.5235595703125,0.0,194.227294921875,60.19071960449219,16,0.8508352637290955
584,549,0.0,94.610595703125,191.9655303955078,517.274169921875,8,0.7834946513175964
585,550,252.55210876464844,187.549072265625,139.49488830566406,180.90325927734375,9,0.9390825033187866
586,552,203.8955078125,126.05021667480469,263.21527099609375,286.28260803222656,6,0.9098321795463562
587,553,222.97149658203125,126.32604217529297,216.523193359375,248.19434356689453,10,0.9629499912261963
588,554,205.9696044921875,96.24151611328125,114.9215087890625,134.40579223632812,6,0.9407753944396973
589,56,356.6429443359375,141.15354919433594,202.4266357421875,244.92176818847656,13,0.9251112341880798
590,562,75.7469482421875,127.1910400390625,344.4160461425781,175.99612426757812,21,0.8693950176239014
591,564,314.71710205078125,125.73583984375,162.85870361328125,394.9998779296875,21,0.8106335401535034
592,565,180.6689453125,136.02774047851562,200.1796875,279.94940185546875,19,0.9318713545799255
593,569,363.4520263671875,154.64453125,99.6942138671875,220.6341552734375,8,0.92214435338974
594,569,7.5216064453125,0.0,458.7825927734375,585.41650390625,1,0.29455429315567017
595,57,185.7764892578125,96.3885498046875,212.01898193359375,309.04119873046875,1,0.9292116761207581
596,573,317.4649353027344,173.59326171875,172.8802490234375,186.53143310546875,2,0.9684971570968628
597,588,199.389404296875,110.75,256.19879150390625,379.94830322265625,6,0.9244875907897949
598,589,104.4217529296875,146.31390380859375,269.131591796875,320.88970947265625,9,0.9004379510879517
599,590,127.86846923828125,182.10015869140625,270.109375,351.12005615234375,14,0.9064233303070068
600,591,209.84288024902344,127.55956268310547,164.57496643066406,249.26337432861328,9,0.9494110941886902
601,592,225.49407958984375,123.37541198730469,255.43072509765625,294.60401916503906,16,0.9724795818328857
602,593,263.94732666015625,145.19439697265625,364.2794189453125,355.66552734375,13,0.5406389236450195
603,593,265.42095947265625,146.15365600585938,356.94879150390625,353.6162109375,17,0.4741505980491638
604,597,262.2569580078125,131.71046447753906,273.7618408203125,325.48387145996094,4,0.9221100807189941
605,600,402.0971984863281,116.279541015625,237.11129760742188,415.82440185546875,12,0.8406781554222107
606,600,0.07754898071289062,132.67153930664062,53.13951873779297,121.306884765625,17,0.43501248955726624
607,601,63.68084716796875,116.16934204101562,109.010986328125,236.16372680664062,15,0.9031323790550232
608,601,197.00704956054688,122.36726379394531,118.4798583984375,293.27281188964844,21,0.3922788202762604
609,606,269.9914855957031,140.7022705078125,174.90728759765625,273.65765380859375,18,0.7640202641487122
610,606,3.3394622802734375,0.0,208.119384765625,379.5082092285156,15,0.398007869720459
611,607,254.1529541015625,179.30523681640625,315.39190673828125,382.30078125,10,0.9880173206329346
612,612,248.99609375,212.91004943847656,134.40435791015625,175.30406188964844,7,0.9563025832176208
613,616,235.94192504882812,79.57382202148438,176.74176025390625,169.3160400390625,4,0.8913843631744385
614,617,256.90863037109375,197.1503143310547,93.83837890625,134.82325744628906,10,0.9319877028465271
615,622,332.606689453125,184.58815002441406,136.9827880859375,325.32725524902344,1,0.9467225074768066
616,622,0.0,0.0,227.62506103515625,150.0921630859375,21,0.4716726243495941
617,626,182.2831268310547,155.48858642578125,209.95863342285156,257.33404541015625,5,0.9635263681411743
618,628,236.18325805664062,82.8448486328125,258.35406494140625,315.2528076171875,18,0.9447306990623474
619,633,188.54786682128906,149.6788330078125,233.83799743652344,253.8636474609375,18,0.9441969394683838
620,642,144.6434783935547,82.00816345214844,337.83033752441406,404.54823303222656,13,0.9469183683395386
621,644,239.34983825683594,109.30268859863281,244.60523986816406,453.82664489746094,8,0.909380316734314
622,652,215.41305541992188,158.96319580078125,178.295654296875,240.31005859375,12,0.9491429328918457
623,654,129.4669189453125,160.59649658203125,165.5360107421875,203.486328125,13,0.945309042930603
624,663,251.5620880126953,108.0567626953125,209.32151794433594,309.09136962890625,1,0.9762627482414246
625,666,156.0074462890625,121.525390625,293.4075927734375,346.7421875,16,0.968400776386261
626,666,500.68359375,0.0,137.994873046875,248.020751953125,13,0.416477233171463
627,669,174.2552490234375,118.75037384033203,178.43603515625,253.83342742919922,9,0.967084527015686
628,670,185.4863739013672,155.746337890625,200.25123596191406,255.47418212890625,12,0.9449141621589661
629,674,229.7986297607422,148.32095336914062,168.70326232910156,213.24008178710938,14,0.9521232843399048
630,675,274.224609375,166.31712341308594,156.5875244140625,363.07301330566406,10,0.9689968824386597
631,676,247.8592529296875,168.5427703857422,201.89617919921875,294.26905822753906,14,0.9354193806648254
632,685,272.1094970703125,238.723388671875,123.14312744140625,297.09539794921875,9,0.938185453414917
633,689,181.25732421875,140.30831909179688,193.4158935546875,197.90972900390625,7,0.9521841406822205
634,69,207.04779052734375,161.6096954345703,234.4976806640625,300.33714294433594,4,0.8983307480812073
635,691,177.22943115234375,120.84906005859375,259.93475341796875,324.8525390625,12,0.8813006281852722
636,694,243.9132080078125,74.54513549804688,179.2774658203125,427.33978271484375,21,0.9433321952819824
637,694,0.0,209.50856018066406,70.76434326171875,348.31541442871094,21,0.29064294695854187
638,714,152.70838928222656,150.2117919921875,223.63450622558594,301.6529541015625,6,0.9169666171073914
639,721,197.3262939453125,154.7471923828125,177.22222900390625,318.19073486328125,17,0.9445250034332275
640,724,168.51881408691406,155.75628662109375,245.32615661621094,302.3404541015625,12,0.8724872469902039
641,725,301.1807861328125,182.1671600341797,133.954833984375,161.24110412597656,7,0.9613376259803772
642,727,250.83570861816406,232.80877685546875,126.61436462402344,195.99163818359375,3,0.949154257774353
643,727,244.30166625976562,232.5675506591797,137.25775146484375,276.43507385253906,3,0.3335188031196594
644,73,206.1392822265625,179.43992614746094,165.06201171875,228.42189025878906,14,0.9671676754951477
645,730,303.33953857421875,189.95257568359375,157.58282470703125,250.44708251953125,18,0.9321666955947876
646,731,193.70773315429688,138.22201538085938,208.267822265625,266.80914306640625,20,0.9510727524757385
647,732,257.775634765625,173.72567749023438,189.130126953125,239.201904296875,2,0.9704271554946899
648,735,173.69212341308594,151.8199462890625,243.36671447753906,329.5716552734375,17,0.9546741247177124
649,737,111.62211608886719,61.44183349609375,105.93783569335938,319.48846435546875,15,0.7073837518692017
650,737,215.08224487304688,171.41265869140625,202.08477783203125,266.537109375,2,0.6613408923149109
651,738,250.051025390625,177.84031677246094,208.75372314453125,305.26856994628906,6,0.9215003252029419
652,74,252.97509765625,151.57472229003906,142.84368896484375,231.68186950683594,4,0.8461036086082458
653,740,284.63885498046875,183.8683319091797,198.4581298828125,309.35523986816406,12,0.808936595916748
654,744,175.34823608398438,240.8866424560547,143.63473510742188,180.25453186035156,9,0.9523459672927856
655,749,127.81796264648438,84.22128295898438,291.53497314453125,357.2696533203125,6,0.9271855354309082
656,749,151.4876708984375,0.08969879150390625,276.99658203125,65.8438720703125,4,0.31556540727615356
657,750,212.9075927734375,162.6851806640625,168.60943603515625,250.20831298828125,1,0.9690783619880676
658,751,192.94544982910156,109.44480895996094,289.49632263183594,389.79798889160156,13,0.9334914684295654
659,754,159.99325561523438,123.417236328125,248.1014404296875,288.52056884765625,18,0.9436066150665283
660,755,247.66957092285156,175.19827270507812,213.60118103027344,225.34246826171875,3,0.9583326578140259
661,760,314.4729919433594,119.67080688476562,149.25335693359375,198.46878051757812,9,0.9481736421585083
662,760,52.80436706542969,112.5623779296875,34.40354919433594,124.690673828125,8,0.7668953537940979
663,760,51.6834602355957,112.41753387451172,35.820674896240234,124.89105987548828,15,0.7509877681732178
664,766,470.29046630859375,101.42089080810547,42.5941162109375,94.94550323486328,15,0.8463180661201477
665,766,150.39501953125,336.947021484375,57.920196533203125,46.601806640625,13,0.3681044280529022
666,770,233.20724487304688,49.358001708984375,187.39703369140625,209.83331298828125,3,0.9620587825775146
667,773,180.3348846435547,87.12997436523438,221.22804260253906,307.8849182128906,16,0.9753047823905945
668,775,276.67132568359375,129.88754272460938,76.10595703125,249.090576171875,7,0.921842098236084
669,779,184.8668212890625,167.27935791015625,176.6815185546875,257.048828125,10,0.9668300151824951
670,78,207.89723205566406,185.7332763671875,196.99424743652344,257.31024169921875,17,0.9500375986099243
671,79,215.87191772460938,119.60040283203125,269.32623291015625,259.455078125,16,0.9693143367767334
672,793,207.21600341796875,144.14666748046875,210.41485595703125,346.05364990234375,17,0.9475444555282593
673,795,209.15074157714844,316.44830322265625,145.60475158691406,219.036376953125,17,0.9059335589408875
674,797,198.678955078125,123.52349853515625,275.48468017578125,342.98614501953125,12,0.9091338515281677
675,797,0.0,0.062744140625,198.53152465820312,118.78284454345703,12,0.6613951325416565
676,80,117.21267700195312,115.82888793945312,183.87158203125,229.05557250976562,3,0.9716508984565735
677,801,238.24168395996094,189.06637573242188,102.99440002441406,296.74627685546875,8,0.7821638584136963
678,811,230.36300659179688,119.07654571533203,265.294677734375,254.08910369873047,20,0.9380414485931396
679,813,194.2774658203125,176.46755981445312,160.310791015625,191.16748046875,13,0.9463871121406555
680,814,357.52398681640625,195.0438232421875,206.8883056640625,248.017822265625,7,0.9530450105667114
681,815,294.8276062011719,162.90512084960938,71.7413330078125,314.57794189453125,15,0.7293526530265808
682,818,218.22698974609375,85.0994873046875,194.9129638671875,392.63128662109375,16,0.9667770862579346
683,819,461.9548034667969,341.438720703125,41.89923095703125,126.43231201171875,8,0.9106775522232056
684,819,273.4441223144531,332.134033203125,45.90814208984375,127.91839599609375,8,0.9059063792228699
685,819,81.99458312988281,317.5789489746094,44.8814697265625,133.158203125,8,0.8869355320930481
686,820,329.6597900390625,14.456222534179688,175.02008056640625,207.39739990234375,9,0.9461897611618042
687,822,28.410125732421875,0.0,445.366943359375,323.06365966796875,5,0.9523988366127014
688,823,205.4263916015625,152.5739288330078,137.2489013671875,232.39781188964844,2,0.9509875774383545
689,828,225.73101806640625,178.32110595703125,222.584716796875,269.52203369140625,20,0.9491919279098511
690,835,132.306884765625,39.18548583984375,304.42822265625,463.47198486328125,16,0.9710493683815002
691,836,170.216064453125,125.9583740234375,243.16864013671875,293.750732421875,16,0.9684261679649353
692,837,157.0601348876953,111.13668823242188,220.37718200683594,345.1982421875,12,0.8349927067756653
693,84,165.8798370361328,172.00836181640625,244.54295349121094,306.85760498046875,20,0.9476540684700012
694,842,180.6888427734375,159.66656494140625,214.19183349609375,212.41998291015625,14,0.9500741958618164
695,844,157.75143432617188,87.00079345703125,275.305908203125,348.46923828125,17,0.9418062567710876
696,849,284.6907653808594,103.2269287109375,75.429931640625,316.20294189453125,11,0.9526390433311462
697,850,325.38946533203125,187.48069763183594,195.7451171875,226.33387756347656,2,0.9219588041305542
698,852,245.75656127929688,115.5035400390625,98.0225830078125,342.16351318359375,5,0.9556911587715149
699,857,298.08551025390625,189.9873046875,187.982666015625,284.01239013671875,12,0.9502838850021362
700,859,89.65738677978516,97.474853515625,133.86931610107422,208.42208862304688,3,0.9645615816116333
701,865,262.44635009765625,175.37332153320312,163.68994140625,224.9478759765625,7,0.9390532970428467
702,866,185.12188720703125,148.548583984375,256.50244140625,313.339111328125,4,0.9367825984954834
703,868,215.756591796875,128.3819580078125,219.50177001953125,344.27191162109375,1,0.9075047373771667
704,869,284.6991271972656,160.90670776367188,103.14984130859375,183.57650756835938,17,0.929690957069397
705,874,311.7609558105469,165.7924041748047,175.4212646484375,305.42311096191406,4,0.8630470037460327
706,874,187.42288208007812,397.0887756347656,66.92227172851562,242.91122436523438,15,0.862816572189331
707,874,0.0,0.0116119384765625,99.53887939453125,111.54289245605469,2,0.7121356129646301
708,874,188.01986694335938,396.1664123535156,66.93804931640625,243.81320190429688,7,0.43856820464134216
709,877,238.26766967773438,37.27294921875,108.6317138671875,528.3854370117188,15,0.8034337162971497
710,879,180.1011505126953,133.23040771484375,211.54869079589844,279.2125244140625,19,0.9303737878799438
711,880,226.9862060546875,154.60968017578125,186.71441650390625,204.2923583984375,4,0.879001796245575
712,881,258.2185363769531,126.47930908203125,98.006591796875,282.037353515625,20,0.7467314004898071
713,888,225.44244384765625,280.01953125,136.43402099609375,184.66729736328125,20,0.9287698864936829
714,892,240.73338317871094,205.90945434570312,144.51832580566406,135.34783935546875,14,0.9509291052818298
715,894,196.7227783203125,123.72552490234375,110.38937377929688,353.07757568359375,12,0.7871432304382324
716,897,104.3026123046875,67.4063720703125,357.931640625,407.88287353515625,16,0.977571427822113
717,90,243.9870147705078,99.53567504882812,41.20347595214844,107.08074951171875,15,0.5553372502326965
718,90,245.08978271484375,100.31015014648438,41.29010009765625,105.5208740234375,21,0.41561761498451233
719,904,276.81890869140625,216.61473083496094,262.98297119140625,301.84620666503906,4,0.9384810328483582
720,906,178.98858642578125,109.85089874267578,141.01800537109375,168.39324188232422,2,0.9505105018615723
721,912,363.3037414550781,141.3807373046875,120.4403076171875,304.8974609375,14,0.6996557712554932
722,912,170.50579833984375,152.65452575683594,311.9434814453125,318.30091857910156,14,0.4752040505409241
723,921,188.73985290527344,177.67132568359375,219.96290588378906,278.3800048828125,12,0.9600399136543274
724,929,448.49859619140625,81.29733276367188,88.092529296875,236.97344970703125,15,0.8593064546585083
725,929,448.79791259765625,83.59060668945312,88.2138671875,234.99111938476562,21,0.6225807666778564
726,93,159.89053344726562,138.34320068359375,291.9619140625,366.0111083984375,5,0.9834679365158081
727,930,190.6442108154297,112.182373046875,280.77223205566406,391.26214599609375,9,0.927818775177002
728,933,221.5497283935547,111.36489868164062,331.12794494628906,380.60394287109375,7,0.9596883654594421
729,936,357.9882507324219,72.815185546875,144.47509765625,164.57241821289062,14,0.954562246799469
730,936,156.87887573242188,390.5545654296875,108.63128662109375,141.2303466796875,14,0.95307457447052
731,938,279.66510009765625,182.22048950195312,183.21051025390625,216.640380859375,10,0.9682161211967468
732,941,30.64723014831543,223.42947387695312,20.01994514465332,70.962646484375,15,0.9254112839698792
733,941,217.04054260253906,17.39775848388672,19.260711669921875,73.57988739013672,15,0.8901868462562561
734,943,203.41961669921875,172.11102294921875,246.0555419921875,296.7919921875,9,0.8733299374580383
735,945,216.15184020996094,155.2396240234375,173.91517639160156,298.8153076171875,17,0.9497337937355042
736,947,208.55783081054688,114.99761962890625,153.5067138671875,259.74542236328125,16,0.9388784170150757
737,948,195.17372131347656,131.33676147460938,215.14317321777344,220.61038208007812,5,0.942804217338562
738,949,295.0450439453125,21.0494384765625,101.8477783203125,512.4349365234375,15,0.7891565561294556
739,949,565.1952514648438,384.8101806640625,74.80474853515625,194.45599365234375,19,0.5907739400863647
740,951,214.194580078125,111.04339599609375,300.1123046875,337.07489013671875,16,0.9785668849945068
741,954,541.9189453125,120.20714569091797,22.205322265625,86.65729522705078,15,0.9257766008377075
742,954,334.02978515625,10.049720764160156,43.489501953125,34.14312744140625,15,0.8734905123710632
743,955,217.33050537109375,102.91534423828125,201.673828125,327.88232421875,17,0.9478810429573059
744,96,172.54702758789062,137.15293884277344,211.3668212890625,262.28041076660156,17,0.9375929236412048
745,960,145.31988525390625,99.17950439453125,162.15036010742188,241.20675659179688,18,0.8633769154548645
746,961,194.2529754638672,201.67359924316406,196.63661193847656,235.93113708496094,19,0.9487951397895813
747,962,223.15911865234375,135.38131713867188,114.90411376953125,142.54104614257812,10,0.956752598285675
748,965,332.4873046875,36.338836669921875,240.77978515625,191.08444213867188,7,0.9122893214225769
749,969,235.59127807617188,166.5972900390625,188.08245849609375,269.29180908203125,9,0.9414970874786377
750,969,0.0,0.0,289.8004150390625,294.51177978515625,9,0.6693781614303589
751,971,186.00079345703125,143.2010498046875,334.859619140625,345.4168701171875,20,0.9605626463890076
752,972,283.10943603515625,96.31396484375,161.17230224609375,399.20343017578125,3,0.8779672384262085
753,976,210.12841796875,116.935546875,232.999755859375,359.80743408203125,13,0.935187041759491
754,982,196.24716186523438,147.70645141601562,255.24566650390625,294.26513671875,3,0.9674190878868103
755,983,209.3991241455078,122.8863525390625,272.86924743652344,364.7830810546875,13,0.9201552271842957
756,990,176.05865478515625,175.98509216308594,140.23873901367188,181.80982971191406,5,0.8006110191345215
757,990,176.33993530273438,175.77349853515625,140.1849365234375,182.20184326171875,4,0.6630483269691467
758,990,541.882568359375,0.0548095703125,98.117431640625,342.701416015625,16,0.4204373359680176
759,992,475.19921875,38.0177001953125,70.8505859375,457.78631591796875,15,0.8417186737060547
760,992,280.6242370605469,171.51353454589844,71.06280517578125,443.35084533691406,15,0.8074036836624146
761,992,376.4671630859375,107.86561584472656,72.6094970703125,458.78623962402344,15,0.7724901437759399
762,999,260.19183349609375,203.3966064453125,181.536376953125,206.76251220703125,14,0.9626557230949402
